0 0 5 4 10 6 1 6 1 4 9 16 23 2 1 2 3 1 5 2 2 4 16 1 11 7 1 1 1 5 7 3 1 1 7 8 5
0 141 5 5 8
0 165 5 3 3 4 2 5 11 7 3 2 2 9 6 6 11 2 8 1 6 9 1 10 3 1 7 2 5 2 21 3 5 9 1 5 8 7 4 4 5 1 13 6 7 6 1 9 1 2 4 5 1 3 2 18 24 1 6 7 4 12 8 15 4 8 9 1 9
0 390 11 16 5 5 2 6 1 11 6 4 7 4 1 5 9
0 623 2
0 850 3 3 6 2 2 8 3 5 9 9 2 1 6 2 2 3 3 6 5
0 875 5 2 8 1 5 15 1 8 1
0 935 10 6 2 13 1 10 1
0 976 11 9 3 3 6 1 4 20 9 3 22 5 3 7 1 1 5 2 1 1 2 2 3 5 2 8 7 6 8 1 18 1 4 9 7 1 1 3 3 2 4 8 2
0 1062 1 1 1 1 9 6 11 11 2 1 2 24 3 29 1
